image: social_sim_env.pgm
resolution: 0.050000
origin: [-12.200000, -23.400000, 0.000000]
negate: 0
occupied_thresh: 0.65
free_thresh: 0.196

